-q——u-

TABVLA IV.

Mediomm motuum Veneris pro diebus mensium.

OCTOBER

ffifflmfflwmsmesnmwvwwmmxmmmss·

Dies Longitudo ΛΡΜ. Arg. Arg. Arg. Arg. ΑηιΑτς 849. Arz- Arg. Arg. Arg. Arg-¹

Anni

ffis . .’. -. ,44494999.9449999994

6

4 4 49 99 394 44 944844444844444 894 998 64 969 94999 444
2 4 4ο 49 4944 44 948 84Ο 444 844 444 869 994 64 944 94 999 ξ
4 4 44 44 948 44 949846449849 448864949 64 899 94999 444

2 ²5 24 10‚4

4 44 48 446 44 449844449849446866949 64 899 94999444

*m

4

5

4 4 49 0 499 · 44 944844444848444844946 64 889ί 94999444

7 2 49 36 464 44 944848449849448848 944 69 884 94999444

3 3 0 44 399 44 948844499846446844946 69 899 99999444

Δ 9 3 449 449 44 949844444866444844944 69 899 99999446

· 49 3 3 24 499 44 944844 464844444846949 69 894 99999446
44 3 ς 0 994 44 944994 499864449844944 69 869 96996449
‘12 3 637 5‚1 ²4 511797297804316828708 66 863 96976137

. 13 3 949 449 49 946994 494844444844944 66 899 96996448
¹4 3 9 49 20‚7 998 988 ²9² 802312 849699 66 899 99996438
15 3 11 25 28,5 ²5 996984989894 9984969466 894 99996439

16 3 43 4 464 44 949984489894 449844696 69 849 99996449

17 3 44 39 444 944 996 484 800 444 849 689 69 844 98996

18 3 46 43 949 49 968994 484 999 444 844 684 69 849 98996 446
, ¹9 3 49 49 999 44 444968 489 999 449 999696 69 849 98996444

20 3 49 96 96 498 964 498 998 499 999 694 68 844 99996 444

21 3 44 4 494 791 669 68 899 99996 449
22 3 ²² 38 ²3¹² 25 494755 494994 ²9² 787663 68 823 99996444
23 3 94 14 31‚0 ²5 493 9949949996 290782 658 68 849 499999 444

Ι 24 3 43 50 38‚8 44 494 946 468996 488998694 68 849 444999 444

96 489 949 :65 795 285 994 649 69 844 ιοο 975 443
3 99 9 944 96 488938463999 983 999649 69 899 494999 144
4 0 39 9,4 39 96 486934969994480966649 69 893 494999 444

, 4 4 44 4444 49 46 484944498994 498464646 69 999444 999 444
49 4 4 94 4948 49 46 484946499994 496998644 9ο 994 494999 449

¹ 30 4¹ 9 47 4946 49 46 484 944494994 494994649 70 994 444999 449

-ῌ--κ - -——- ——- —

’ 44 4 9 44444 49 46 49994949499449499464494989444999446Ι

, 1

 

